# unix_time, cycles_done, cur_path, paths_total, pending_total, pending_favs, map_size, unique_crashes, unique_hangs, max_depth, execs_per_sec
1650421515, 0, 0, 1, 1, 1, 0.01%, 0, 0, 1, 4000.00
1650421520, 27, 3, 6, 3, 0, 0.32%, 2, 0, 5, 7801.52
1650421525, 27, 5, 6, 1, 0, 0.32%, 2, 0, 5, 8508.84
1650421531, 30, 3, 6, 0, 0, 0.32%, 2, 0, 5, 8739.08
1650421536, 32, 5, 6, 0, 0, 0.32%, 2, 0, 5, 8779.30
1650421541, 38, 2, 6, 0, 0, 0.32%, 2, 0, 5, 8773.40
1650421546, 46, 4, 6, 0, 0, 0.32%, 2, 0, 5, 8715.73
1650421551, 55, 3, 6, 0, 0, 0.32%, 2, 0, 5, 8745.88
1650421556, 63, 5, 6, 0, 0, 0.32%, 2, 0, 5, 8739.01
1650421561, 72, 4, 6, 0, 0, 0.32%, 2, 0, 5, 8744.66
1650421566, 81, 1, 6, 0, 0, 0.32%, 2, 0, 5, 8741.21
1650421572, 89, 4, 6, 0, 0, 0.32%, 2, 0, 5, 8749.85
1650421577, 98, 3, 6, 0, 0, 0.32%, 2, 0, 5, 8808.09
1650421582, 107, 0, 6, 0, 0, 0.32%, 2, 0, 5, 8770.61
1650421587, 115, 4, 6, 0, 0, 0.32%, 2, 0, 5, 8719.77
